Eigvals	10
1.56730780231	0.950580214499	0.221358915688	0.186915754853	0.164546463806	0.0993729478877	0.0942201539482	0.0411197225269	0.0374032385547	0.0

Proportion explained	10
0.466068767343	0.282673095979	0.0658252813026	0.0555829527121	0.0489310188104	0.0295504349949	0.0280181537696	0.0122277311217	0.0111225639674	0.0

Species	0	0

Site	10	10
IGNIMBRITE.2.NULL.5	-0.338792274896	0.309618899494	0.0220731179843	-0.180018783029	0.203423760416	0.128755522383	-0.110711684996	0.00513661121869	0.00696504935427	0.0
IGNIMBRITE.1.NULL.4	-0.312153662699	0.427540219993	0.0049888054232	-0.0103333784936	0.0856822476516	-0.189383670552	0.14933386859	-0.00611954682251	-0.00800738478905	0.0
LUNA.1.NULL.1	-0.351103376184	-0.409198249104	-0.00944511332292	0.156514034146	0.0759592389766	0.00204092152376	0.0102543123167	0.132710616331	0.0428991526649	0.0
LUNA.2.NULL.2	-0.353443143193	-0.401535538011	-0.0023369050192	0.138495840903	0.0655390554043	0.0153988562768	-0.0106873135094	-0.138428654821	-0.044236725447	0.0
LUNA.3.NULL.3	-0.324290288002	-0.335635694412	0.00884001719208	-0.27728613693	-0.218270063056	-0.0314230111949	0.0160634405517	0.00434469003779	0.00093219896544	0.0
007SAT.A5.2.NULL.18	0.492566743802	-0.0223764157617	0.216241843596	0.00280229854152	0.00360446831686	0.0472042426411	0.0447190381221	0.0455735776406	-0.128162514418	0.0
IGNIMBRITE.3.NULL.6	-0.255436780923	0.478885008259	-0.0182972429073	0.181156093684	-0.240234534674	0.0771443551353	-0.052387767927	0.00320488001025	0.000981056355598	0.0
007SAT.A10.NULL.16	0.482878039784	-0.0118390135017	-0.19606036714	-0.0250438399798	0.0135158677479	0.136693423335	0.167795758576	-0.0223004044664	0.0526145229572	0.0
007SAT.A5.1.NULL.17	0.487061459056	-0.0177000080685	0.246613877051	0.0189039087566	-0.00328150997094	-0.0662216428571	-0.066532329627	-0.0383948194929	0.113533875723	0.0
007SAT.C10.NULL.19	0.472713283256	-0.0177592088861	-0.272618032858	-0.00519003759912	0.0140614691875	-0.120208996691	-0.147847322097	0.0142730503637	-0.0375192313666	0.0

Biplot	0	0

Site constraints	0	0
